conf = [[371  16  17]
 [ 23  62   8]
 [ 21   5  47]]
macro-f1 = 0.7529347408657753
macro-precision = 0.7645805443998214
macro-recall = 0.742939704929397
micro-f1 = 0.8421052631578947
micro-precision = 0.8421052631578947
micro-recall = 0.8421052631578947
